target: 7 x 11
====== 1 ======
000000000000000
000000000000000
000000000000000
000000000000000
000000000000000
000000000000000
000000000000000
000111000000000
000000000000000
000000000000000
000000000000000
000000000000000
000000000000000
000000000000000
000000000000000
000000000000000
===============
queue.size(): 2 myNewPos: 7 x 4
====== 2 ======
000000000000000
000000000000000
000000000000000
000000000000000
000000000000000
000000000000000
000100000000000
001111000000000
000100000000000
000000000000000
000000000000000
000000000000000
000000000000000
000000000000000
000000000000000
000000000000000
===============
queue.size(): 4 myNewPos: 7 x 3
====== 3 ======
000000000000000
000000000000000
000000000000000
000000000000000
000000000000000
000000000000000
000100000000000
001111100000000
000100000000000
000000000000000
000000000000000
000000000000000
000000000000000
000000000000000
000000000000000
000000000000000
===============
queue.size(): 4 myNewPos: 7 x 5
====== 4 ======
000000000000000
000000000000000
000000000000000
000000000000000
000000000000000
000000000000000
001100000000000
011111100000000
001100000000000
000000000000000
000000000000000
000000000000000
000000000000000
000000000000000
000000000000000
000000000000000
===============
queue.size(): 6 myNewPos: 7 x 2
====== 5 ======
000000000000000
000000000000000
000000000000000
000000000000000
000000000000000
000000000000000
001100000000000
011111100000000
001100000000000
000100000000000
000000000000000
000000000000000
000000000000000
000000000000000
000000000000000
000000000000000
===============
queue.size(): 6 myNewPos: 8 x 3
====== 6 ======
000000000000000
000000000000000
000000000000000
000000000000000
000000000000000
000100000000000
001100000000000
011111100000000
001100000000000
000100000000000
000000000000000
000000000000000
000000000000000
000000000000000
000000000000000
000000000000000
===============
queue.size(): 6 myNewPos: 6 x 3
====== 7 ======
000000000000000
000000000000000
000000000000000
000000000000000
000000000000000
000100000000000
001100000000000
011111110000000
001100000000000
000100000000000
000000000000000
000000000000000
000000000000000
000000000000000
000000000000000
000000000000000
===============
queue.size(): 6 myNewPos: 7 x 6
====== 8 ======
000000000000000
000000000000000
000000000000000
000000000000000
000000000000000
000100000000000
011100000000000
011111110000000
011100000000000
000100000000000
000000000000000
000000000000000
000000000000000
000000000000000
000000000000000
000000000000000
===============
queue.size(): 7 myNewPos: 7 x 1
====== 9 ======
000000000000000
000000000000000
000000000000000
000000000000000
000000000000000
000100000000000
011100000000000
011111110000000
011100000000000
001100000000000
000000000000000
000000000000000
000000000000000
000000000000000
000000000000000
000000000000000
===============
queue.size(): 7 myNewPos: 8 x 2
====== 10 ======
000000000000000
000000000000000
000000000000000
000000000000000
000000000000000
001100000000000
011100000000000
011111110000000
011100000000000
001100000000000
000000000000000
000000000000000
000000000000000
000000000000000
000000000000000
000000000000000
===============
queue.size(): 7 myNewPos: 6 x 2
====== 11 ======
000000000000000
000000000000000
000000000000000
000000000000000
000000000000000
001100000000000
011100000000000
011111110000000
011100000000000
001110000000000
000100000000000
000000000000000
000000000000000
000000000000000
000000000000000
000000000000000
===============
queue.size(): 8 myNewPos: 9 x 3
====== 12 ======
000000000000000
000000000000000
000000000000000
000000000000000
000100000000000
001110000000000
011100000000000
011111110000000
011100000000000
001110000000000
000100000000000
000000000000000
000000000000000
000000000000000
000000000000000
000000000000000
===============
queue.size(): 9 myNewPos: 5 x 3
====== 13 ======
000000000000000
000000000000000
000000000000000
000000000000000
000100000000000
001110000000000
011100010000000
011111111000000
011100010000000
001110000000000
000100000000000
000000000000000
000000000000000
000000000000000
000000000000000
000000000000000
===============
queue.size(): 11 myNewPos: 7 x 7
====== 14 ======
000000000000000
000000000000000
000000000000000
000000000000000
000100000000000
001110000000000
011100010000000
011111111000000
011100010000000
011110000000000
000100000000000
000000000000000
000000000000000
000000000000000
000000000000000
000000000000000
===============
queue.size(): 11 myNewPos: 8 x 1
====== 15 ======
000000000000000
000000000000000
000000000000000
000000000000000
000100000000000
011110000000000
011100010000000
011111111000000
011100010000000
011110000000000
000100000000000
000000000000000
000000000000000
000000000000000
000000000000000
000000000000000
===============
queue.size(): 11 myNewPos: 6 x 1
====== 16 ======
000000000000000
000000000000000
000000000000000
000000000000000
000100000000000
011110000000000
011100010000000
011111111000000
011100010000000
011110000000000
001100000000000
000000000000000
000000000000000
000000000000000
000000000000000
000000000000000
===============
queue.size(): 11 myNewPos: 9 x 2
====== 17 ======
000000000000000
000000000000000
000000000000000
000000000000000
001100000000000
011110000000000
011100010000000
011111111000000
011100010000000
011110000000000
001100000000000
000000000000000
000000000000000
000000000000000
000000000000000
000000000000000
===============
queue.size(): 11 myNewPos: 5 x 2
====== 18 ======
000000000000000
000000000000000
000000000000000
000000000000000
001100000000000
011110000000000
011100010000000
011111111000000
011100010000000
011110000000000
001110000000000
000100000000000
000000000000000
000000000000000
000000000000000
000000000000000
===============
queue.size(): 12 myNewPos: 10 x 3
====== 19 ======
000000000000000
000000000000000
000000000000000
000000000000000
001100000000000
011110000000000
011100010000000
011111111000000
011100010000000
011111000000000
001110000000000
000100000000000
000000000000000
000000000000000
000000000000000
000000000000000
===============
queue.size(): 12 myNewPos: 9 x 4
====== 20 ======
000000000000000
000000000000000
000000000000000
000000000000000
001110000000000
011111000000000
011100010000000
011111111000000
011100010000000
011111000000000
001110000000000
000100000000000
000000000000000
000000000000000
000000000000000
000000000000000
===============
queue.size(): 13 myNewPos: 5 x 4
====== 21 ======
000000000000000
000000000000000
000000000000000
000100000000000
001110000000000
011111000000000
011100010000000
011111111000000
011100010000000
011111000000000
001110000000000
000100000000000
000000000000000
000000000000000
000000000000000
000000000000000
===============
queue.size(): 13 myNewPos: 4 x 3
====== 22 ======
000000000000000
000000000000000
000000000000000
000100000000000
001110000000000
011111000000000
011100010000000
011111111000000
011100011000000
011111010000000
001110000000000
000100000000000
000000000000000
000000000000000
000000000000000
000000000000000
===============
queue.size(): 14 myNewPos: 8 x 7
====== 23 ======
000000000000000
000000000000000
000000000000000
000100000000000
001110000000000
011111000000000
011100011000000
011111111100000
011100011000000
011111010000000
001110000000000
000100000000000
000000000000000
000000000000000
000000000000000
000000000000000
===============
queue.size(): 15 myNewPos: 7 x 8
====== 24 ======
000000000000000
000000000000000
000000000000000
000100000000000
001110000000000
011111010000000
011100011000000
011111111100000
011100011000000
011111010000000
001110000000000
000100000000000
000000000000000
000000000000000
000000000000000
000000000000000
===============
queue.size(): 15 myNewPos: 6 x 7
====== 25 ======
000000000000000
000000000000000
000000000000000
000100000000000
001110000000000
011111010000000
011100011000000
011111111100000
011100011000000
011111010000000
011110000000000
000100000000000
000000000000000
000000000000000
000000000000000
000000000000000
===============
queue.size(): 15 myNewPos: 9 x 1
====== 26 ======
000000000000000
000000000000000
000000000000000
000100000000000
011110000000000
011111010000000
011100011000000
011111111100000
011100011000000
011111010000000
011110000000000
000100000000000
000000000000000
000000000000000
000000000000000
000000000000000
===============
queue.size(): 15 myNewPos: 5 x 1
====== 27 ======
000000000000000
000000000000000
000000000000000
000100000000000
011110000000000
011111010000000
011100011000000
011111111100000
011100011000000
011111010000000
011110000000000
001100000000000
000000000000000
000000000000000
000000000000000
000000000000000
===============
queue.size(): 15 myNewPos: 10 x 2
====== 28 ======
000000000000000
000000000000000
000000000000000
001100000000000
011110000000000
011111010000000
011100011000000
011111111100000
011100011000000
011111010000000
011110000000000
001100000000000
000000000000000
000000000000000
000000000000000
000000000000000
===============
queue.size(): 15 myNewPos: 4 x 2
====== 29 ======
000000000000000
000000000000000
000000000000000
001100000000000
011110000000000
011111010000000
011100011000000
011111111100000
011100011000000
011111010000000
011110000000000
001110000000000
000100000000000
000000000000000
000000000000000
000000000000000
===============
queue.size(): 16 myNewPos: 11 x 3
====== 30 ======
000000000000000
000000000000000
000000000000000
001100000000000
011110000000000
011111010000000
011100011000000
011111111100000
011100011000000
011111010000000
011111000000000
001110000000000
000100000000000
000000000000000
000000000000000
000000000000000
===============
queue.size(): 16 myNewPos: 10 x 4
====== 31 ======
000000000000000
000000000000000
000000000000000
001100000000000
011110000000000
011111010000000
011100011000000
011111111100000
011100011000000
011111010000000
011111000000000
001110000000000
000100000000000
000000000000000
000000000000000
000000000000000
===============
queue.size(): 15 myNewPos: 9 x 5
====== 32 ======
000000000000000
000000000000000
000000000000000
001100000000000
011111000000000
011111010000000
011100011000000
011111111100000
011100011000000
011111010000000
011111000000000
001110000000000
000100000000000
000000000000000
000000000000000
000000000000000
===============
queue.size(): 15 myNewPos: 5 x 5
====== 33 ======
000000000000000
000000000000000
000000000000000
001110000000000
011111000000000
011111010000000
011100011000000
011111111100000
011100011000000
011111010000000
011111000000000
001110000000000
000100000000000
000000000000000
000000000000000
000000000000000
===============
queue.size(): 15 myNewPos: 4 x 4
====== 34 ======
000000000000000
000000000000000
000100000000000
001110000000000
011111000000000
011111010000000
011100011000000
011111111100000
011100011000000
011111010000000
011111000000000
001110000000000
000100000000000
000000000000000
000000000000000
000000000000000
===============
queue.size(): 15 myNewPos: 3 x 3
====== 35 ======
000000000000000
000000000000000
000100000000000
001110000000000
011111000000000
011111010000000
011100011000000
011111111100000
011100011000000
011111011000000
011111010000000
001110000000000
000100000000000
000000000000000
000000000000000
000000000000000
===============
queue.size(): 16 myNewPos: 9 x 7
====== 36 ======
000000000000000
000000000000000
000100000000000
001110000000000
011111000000000
011111010000000
011100011000000
011111111100000
011100011000000
011111011000000
011111010000000
001110000000000
000100000000000
000000000000000
000000000000000
000000000000000
===============
queue.size(): 15 myNewPos: 8 x 8
====== 37 ======
000000000000000
000000000000000
000100000000000
001110000000000
011111000000000
011111010000000
011100011000000
011111111110000
011100011000000
011111011000000
011111010000000
001110000000000
000100000000000
000000000000000
000000000000000
000000000000000
===============
queue.size(): 15 myNewPos: 7 x 9
====== 38 ======
000000000000000
000000000000000
000100000000000
001110000000000
011111000000000
011111011000000
011100011000000
011111111110000
011100011000000
011111011000000
011111010000000
001110000000000
000100000000000
000000000000000
000000000000000
000000000000000
===============
queue.size(): 15 myNewPos: 6 x 8
====== 39 ======
000000000000000
000000000000000
000100000000000
001110000000000
011111010000000
011111011000000
011100011000000
011111111110000
011100011000000
011111011000000
011111010000000
001110000000000
000100000000000
000000000000000
000000000000000
000000000000000
===============
queue.size(): 15 myNewPos: 5 x 7
====== 40 ======
000000000000000
000000000000000
000100000000000
001110000000000
011111010000000
011111011000000
011100011000000
011111111110000
011100011000000
011111011000000
011111010000000
011110000000000
000100000000000
000000000000000
000000000000000
000000000000000
===============
queue.size(): 15 myNewPos: 10 x 1
====== 41 ======
000000000000000
000000000000000
000100000000000
011110000000000
011111010000000
011111011000000
011100011000000
011111111110000
011100011000000
011111011000000
011111010000000
011110000000000
000100000000000
000000000000000
000000000000000
000000000000000
===============
queue.size(): 15 myNewPos: 4 x 1
====== 42 ======
000000000000000
000000000000000
000100000000000
011110000000000
011111010000000
011111011000000
011100011000000
011111111110000
011100011000000
011111011000000
011111010000000
011110000000000
001100000000000
000000000000000
000000000000000
000000000000000
===============
queue.size(): 15 myNewPos: 11 x 2
====== 43 ======
000000000000000
000000000000000
001100000000000
011110000000000
011111010000000
011111011000000
011100011000000
011111111110000
011100011000000
011111011000000
011111010000000
011110000000000
001100000000000
000000000000000
000000000000000
000000000000000
===============
queue.size(): 15 myNewPos: 3 x 2
====== 44 ======
000000000000000
000000000000000
001100000000000
011110000000000
011111010000000
011111011000000
011100011000000
011111111110000
011100011000000
011111011000000
011111010000000
011110000000000
001110000000000
000100000000000
000000000000000
000000000000000
===============
queue.size(): 16 myNewPos: 12 x 3
====== 45 ======
000000000000000
000000000000000
001100000000000
011110000000000
011111010000000
011111011000000
011100011000000
011111111110000
011100011000000
011111011000000
011111010000000
011111000000000
001110000000000
000100000000000
000000000000000
000000000000000
===============
queue.size(): 16 myNewPos: 11 x 4
====== 46 ======
000000000000000
000000000000000
001100000000000
011110000000000
011111010000000
011111011000000
011100011000000
011111111110000
011100011000000
011111011000000
011111010000000
011111000000000
001110000000000
000100000000000
000000000000000
000000000000000
===============
queue.size(): 15 myNewPos: 10 x 5
====== 47 ======
000000000000000
000000000000000
001100000000000
011111000000000
011111010000000
011111011000000
011100011000000
011111111110000
011100011000000
011111011000000
011111010000000
011111000000000
001110000000000
000100000000000
000000000000000
000000000000000
===============
queue.size(): 15 myNewPos: 4 x 5
====== 48 ======
000000000000000
000000000000000
001110000000000
011111000000000
011111010000000
011111011000000
011100011000000
011111111110000
011100011000000
011111011000000
011111010000000
011111000000000
001110000000000
000100000000000
000000000000000
000000000000000
===============
queue.size(): 15 myNewPos: 3 x 4
====== 49 ======
000000000000000
000100000000000
001110000000000
011111000000000
011111010000000
011111011000000
011100011000000
011111111110000
011100011000000
011111011000000
011111010000000
011111000000000
001110000000000
000100000000000
000000000000000
000000000000000
===============
queue.size(): 15 myNewPos: 2 x 3
====== 50 ======
000000000000000
000100000000000
001110000000000
011111000000000
011111010000000
011111011000000
011100011000000
011111111110000
011100011000000
011111011000000
011111011000000
011111010000000
001110000000000
000100000000000
000000000000000
000000000000000
===============
queue.size(): 16 myNewPos: 10 x 7
====== 51 ======
000000000000000
000100000000000
001110000000000
011111000000000
011111010000000
011111011000000
011100011000000
011111111110000
011100011000000
011111011000000
011111011000000
011111010000000
001110000000000
000100000000000
000000000000000
000000000000000
===============
queue.size(): 15 myNewPos: 9 x 8
====== 52 ======
000000000000000
000100000000000
001110000000000
011111000000000
011111010000000
011111011000000
011100011000000
011111111111000
011100011000000
011111011000000
011111011000000
011111010000000
001110000000000
000100000000000
000000000000000
000000000000000
===============
queue.size(): 15 myNewPos: 7 x 10
====== 53 ======
000000000000000
000100000000000
001110000000000
011111000000000
011111011000000
011111011000000
011100011000000
011111111111000
011100011000000
011111011000000
011111011000000
011111010000000
001110000000000
000100000000000
000000000000000
000000000000000
===============
queue.size(): 15 myNewPos: 5 x 8
====== 54 ======
000000000000000
000100000000000
001110000000000
011111010000000
011111011000000
011111011000000
011100011000000
011111111111000
011100011000000
011111011000000
011111011000000
011111010000000
001110000000000
000100000000000
000000000000000
000000000000000
===============
queue.size(): 15 myNewPos: 4 x 7
====== 55 ======
000000000000000
000100000000000
001110000000000
011111010000000
011111011000000
011111011000000
011100011000000
011111111111000
011100011000000
011111011000000
011111011000000
011111010000000
011110000000000
000100000000000
000000000000000
000000000000000
===============
queue.size(): 15 myNewPos: 11 x 1
====== 56 ======
000000000000000
000100000000000
011110000000000
011111010000000
011111011000000
011111011000000
011100011000000
011111111111000
011100011000000
011111011000000
011111011000000
011111010000000
011110000000000
000100000000000
000000000000000
000000000000000
===============
queue.size(): 15 myNewPos: 3 x 1
====== 57 ======
000000000000000
000100000000000
011110000000000
011111010000000
011111011000000
011111011000000
011100011000000
011111111111000
011100011000000
011111011000000
011111011000000
011111010000000
011110000000000
001100000000000
000000000000000
000000000000000
===============
queue.size(): 15 myNewPos: 12 x 2
====== 58 ======
000000000000000
001100000000000
011110000000000
011111010000000
011111011000000
011111011000000
011100011000000
011111111111000
011100011000000
011111011000000
011111011000000
011111010000000
011110000000000
001100000000000
000000000000000
000000000000000
===============
queue.size(): 15 myNewPos: 2 x 2
====== 59 ======
000000000000000
001100000000000
011110000000000
011111010000000
011111011000000
011111011000000
011100011000000
011111111111000
011100011000000
011111011000000
011111011000000
011111010000000
011110000000000
001110000000000
000000000000000
000000000000000
===============
queue.size(): 15 myNewPos: 13 x 3
====== 60 ======
000000000000000
001100000000000
011110000000000
011111010000000
011111011000000
011111011000000
011100011000000
011111111111000
011100011000000
011111011000000
011111011000000
011111010000000
011111000000000
001110000000000
000000000000000
000000000000000
===============
queue.size(): 15 myNewPos: 12 x 4
====== 61 ======
000000000000000
001100000000000
011110000000000
011111010000000
011111011000000
011111011000000
011100011000000
011111111111000
011100011000000
011111011000000
011111011000000
011111110000000
011111000000000
001110000000000
000000000000000
000000000000000
===============
queue.size(): 15 myNewPos: 11 x 5
====== 62 ======
000000000000000
001100000000000
011111000000000
011111110000000
011111011000000
011111011000000
011100011000000
011111111111000
011100011000000
011111011000000
011111011000000
011111110000000
011111000000000
001110000000000
000000000000000
000000000000000
===============
queue.size(): 16 myNewPos: 3 x 5
====== 63 ======
000000000000000
001110000000000
011111000000000
011111110000000
011111011000000
011111011000000
011100011000000
011111111111000
011100011000000
011111011000000
011111011000000
011111110000000
011111000000000
001110000000000
000000000000000
000000000000000
===============
queue.size(): 16 myNewPos: 2 x 4
====== 64 ======
000000000000000
001110000000000
011111000000000
011111110000000
011111011000000
011111011000000
011100011000000
011111111111000
011100011000000
011111011000000
011111011000000
011111110000000
011111000000000
001110000000000
000000000000000
000000000000000
===============
queue.size(): 15 myNewPos: 1 x 3
====== 65 ======
000000000000000
001110000000000
011111000000000
011111110000000
011111011000000
011111011000000
011100011000000
011111111111000
011100011000000
011111011000000
011111011000000
011111111000000
011111010000000
001110000000000
000000000000000
000000000000000
===============
queue.size(): 16 myNewPos: 11 x 7
====== 66 ======
000000000000000
001110000000000
011111000000000
011111110000000
011111011000000
011111011000000
011100011000000
011111111111000
011100011000000
011111011000000
011111011000000
011111111000000
011111010000000
001110000000000
000000000000000
000000000000000
===============
queue.size(): 15 myNewPos: 10 x 8
====== 67 ======
000000000000000
001110000000000
011111000000000
011111110000000
011111011000000
011111011000000
011100011000000
011111111111100
011100011000000
011111011000000
011111011000000
011111111000000
011111010000000
001110000000000
000000000000000
000000000000000
===============
queue.size(): 15 myNewPos: 7 x 11
=================================
znalazłem!:) i: 1
=================================
